787627
222136
800326
668708
393663
931380
415266
132139
133376
418671
940784
330605
733497
150492
236934
351949
539986
295407
798083
400405
422146
510149
300111
441096
597913
497321
920563
745110
252041
404038
545724
277474
252651
851517
699158
298161
129119
353104
640431
329339
921738
501311
939676
196042
811447
105040
363438
545050
983095
730262
231814
971334
511935
264233
736925
294435
242740
959570
349134
994292
423380
565350
842957
547173
191134
213186
856350
105631
410930
743313
572183
217709
599544
206795
718095
849910
296932
375294
886178
550340
138238
654577
884721
829190
319195
270240
630099
516663
873626
507653
979363
276655
737143
367059
112960
660531
512280
730595
565875
609325
495919
989829
140575
880019
668982
859126
581700
878115
191788
923325
106531
605954
707312
513855
974119
274135
199286
532121
496964
876833
794430
409393
392537
110241
759145
981974
415414
579836
963933
284749
146194
920471
831172
530725
299905
303730
589201
853925
353611
934170
578594
893077
424096
967629
101193
420104
413808
604079
210091
611762
423226
475208
192489
875079
845224
332136
495755
377132
885865
516741
387759
714462
314735
223394
167550
372230
957114
773728
212798
915964
542414
474939
213958
438227
551408
397178
780730
550619
504805
445389
991893
395132
538702
342041
302123
407556
500392
362544
758155
867946
867352
822517
824891
136647
126691
523665
961301
348355
523406
515733
738830
495004
155208
295167
786393
526091
554821
162447
301410
928412
323280
907060
441448
476935
813713
398663
340663
844595
895558
575743
750178
533085
878259
709221
145895
332850
397233
731046
612646
761267
369532
341318
181050
964921
145431
466142
616310
689951
915601
577445
741268
225708
570485
482605
788433
831281
893015
513431
764553
520805
474137
598237
729612
356931
279423
338151
839018
849745
993572
919667
865686
161897
296727
718645
454754
873638
475362
112300
763667
318269
416853
547122
879988
531895
995230
559026
229022
483627
633039
706345
639279
296708
704494
459806
251691
377996
474829
276900
513453
670430
751040
398518
704353
981343
198105
687811
249572
458462
940615
470746
238675
966632
783501
183105
198259
223944
581854
648940
752414
837269
689948
266635
490714
960110
400224
577960
433108
478091
226194
304581
851127
735801
415787
130240
239206
293380
759738
977575
829951
444521
152263
352848
981034
960744
220688
599895
845601
254137
222312
142005
179110
210271
884442
944332
637230
830512
401167
474157
677260
909445
998636
852089
470634
187482
129330
607547
895150
144010
712620
438224
233752
682179
262839
922600
691415
881203
149360
330977
741023
920591
931083
901774
496482
534848
886132
795977
438908
150280
349292
710128
271255
757889
601157
686568
195424
656516
637164
569764
807797
759746
689016
183462
234197
627439
319692
545430
989123
463097
712702
599576
838760
950430
222639
472133
445130
387021
714749
483955
161661
545968
222270
582504
174977
186043
499244
971121
230324
944322
157984
698836
851720
795808
485831
577463
364732
421638
756855
886124
791518
185153
467144
232535
798640
114655
169413
509858
398386
117242
769802
240082
269699
312486
122945
832268
470091
189927
384569
864065
775282
606029
563456
163716
854755
490564
335869
956842
592891
142288
527929
293762
106087
738489
825653
747809
254731
576774
424615
449533
681144
612414
228876
429546
827145
805765
950457
869325
658861
870423
947120
921367
957480
428699
311291
114423
492082
430247
450089
216904
334754
413434
852051
874401
980543
364791
581040
513906
937426
568393
830088
610405
337278
687976
652985
535120
385450
446313
309138
874453
789221
287591
259671
489991
512275
431206
111105
464933
233762
305020
341692
627178
297278
687493
117075
247251
854834
297464
625256
601520
445781
443279
173866
782510
624894
113196
293474
704623
100359
131760
639015
862294
867488
296374
353305
932214
978646
106218
918727
723088
869888
804161
523812
804830
618642
696864
217253
865563
683643
614835
451212
974177
134692
310670
752221
213561
518253
658956
673601
921767
790151
641243
644321
945316
478164
692700
323974
186809
125071
844034
253644
827474
373294
729232
584303
473896
808741
372354
809034
142214
671772
478354
373403
356553
838290
506670
615795
868536
475732
912921
739964
692937
460443
402256
835328
706487
249787
759521
655639
287492
845821
717774
237459
615367
907146
604694
464267
243233
120062
605741
360539
493365
949081
619976
628519
393523
854719
102659
579428
656241
216876
650188
674802
871834
754767
835046
778595
453137
755262
631960
180287
303289
684753
702673
914488
651960
281327
633223
633288
266650
707368
534524
563073
955042
656764
402674
133421
307315
801448
564985
177499
559695
154149
924836
517332
521432
452778
428664
699010
284351
249611
861175
247519
298414
875292
862610
974265
640290
773379
670264
971105
593414
908680
153069
872762
688460
201920
680271
741107
495949
604654
972676
889381
881840
187310
760621
836423
490088
775850
625033
779862
659804
381734
575143
490432
134468
133949
516382
743280
485442
456068
788404
289367
744679
436898
305962
158064
138379
514389
813259
145923
635052
260158
746840
961597
915337
403352
183030
687581
678662
309246
356212
368992
723206
608817
908693
515028
510771
145402
936057
438019
114329
494052
107623
574009
896010
356191
510378
294093
681483
350674
731294
339342
146621
513284
113559
405548
232387
956920
441596
621223
380397
676852
910761
730794
943785
724635
709525
972950
562676
278151
202467
268542
362312
255590
122068
265937
425634
128223
614067
421235
400750
822976
683720
807065
846488
984745
415128
331084
418702
986019
994545
540232
764017
896368
712947
656389
975089
116384
991783
336869
302291
513264
766273
861659
921455
772375
816729
729483
159890
779883
778506
489836
274502
614710
775387
928872
266836
430824
413460
403067
320113
184345
621916
826753
354911
169671
125148
296340
344906
765608
288774
592807
579488
326928
853712
812812
499407
393865
195795
263946
350717
522722
707524
261156
158505
270736
244678
208379
479594
811639
942817
299164
315297
172922
846458
409350
623694
987389
995545
113441
279620
988502
598544
861329
582052
478607
115173
616515
215539
643308
661896
501614
583295
667882
778697
135157
519443
748719
968111
216175
427233
556508
608647
785250
436422
179928
344847
747679
544507
142579
696365
243050
208480
573996
360970
430224
457159
783302
881483
191552
802125
949245
704298
627269
715271
342416
356299
110339
583159
896842
937285
751506
882845
337924
455123
397272
308445
519415
897082
379093
901573
338505
946044
539658
988627
947028
342279
426779
106326
601863
369971
471231
888805
139849
248737
101876
288731
198274
733711
835267
919022
692077
906260
114545
117591
620164
703447
308165
725473
988277
730204
991977
532690
137923
279583
402309
735196
761761
796259
366484
987301
966694
331094
992356
666085
289612
498054
885561
878679
354514
303070
744229
585546
961477
445089
343073
816546
122006
621267
581738
672458
968052
937998
181720
623899
783083
750500
686872
146753
665866
672416
574526
702092
464683
549237
672488
225397
151330
831265
185934
380502
551010
244466
454168
392992
425220
424090
801559
533974
245399
180937
406012
105218
668789
578905
595401
509566
582727
813918
344031
560214
877817
135642
915031
534707
236386
235340
545313
617109
449134
975653
553140
685930
552644
645312
667964
210372
113634
570106
964855
326148
836307
335642
215107
322415
419141
414330
243727
354341
326068
392568
542302
547213
358420
435200
967333
867154
179308
708054
625023
809277
407948
300675
130293
472845
703343
719863
548485
538357
709015
783898
235749
920887
570122
798253
342681
243816
349116
523218
339360
956817
524685
777197
602744
215018
329595
438413
233037
877260
762998
302145
270897
586294
802083
222800
663146
416052
600821
900638
833874
116751
460010
474877
615025
305578
200600
502221
427131
300887
889896
830307
471534
288374
140843
398447
165456
833294
480704
899939
249095
372434
596673
807486
418486
595098
815249
558665
268194
993115
795947
451329
536646
610221
345691
686861
483317
222782
266943
913734
145053
346854
919143
280811
733039
670023
776230
643049
283494
283680
475114
269532
307289
840922
795073
927691
346307
253789
917257
247239
955072
235726
476698
327245
185787
259223
185568
321905
205671
146038
546680
738464
685703
775093
720634
452704
230087
996232
780912
236590
596941
725387
589883
138578
207927
179750
594465
243772
926426
986688
840055
985958
697724
632963
292022
406164
363362
692540
964282
266492
120884
657369
993170
304562
258067
627944
482591
370069
219748
436890
279056
912855
376056
285271
893755
235378
320613
145008
858509
115650
776074
266487
384119
447418
230907
421929
337444
161758
618948
773133
150726
748235
294203
252239
733243
649496
255671
506564
982561
462884
114476
660742
693864
587834
291628
872742
270028
757418
308984
995450
618393
175131
756510
505572
726897
968019
616572
697632
204565
799736
244878
526863
768326
265811
418160
262847
880502
275645
137552
359788
621495
698036
836159
302954
257222
172038
614673
705557
104451
661734
152977
758327
949803
692179
993859
431802
466236
418443
689439
618656
774836
787570
802636
664049
130897
735597
906987
616738
867539
835167
417442
241241
772041
482400
177915
229883
891450
312781
602987
249276
448626
217285
650624
398921
789727
348269
954317
634418
597826
548492
560383
217460
887494
124470
348240
458486
145612
392582
919505
976710
507106
958690
435135
265250
416517
718082
286930
584955
989387
821990
798110
248977
302595
345717
284360
880914
164344
865130
503837
426739
167353
856476
188674
230076
900538
322017
699809
869062
511056
360342
679555
929842
464008
423464
944956
345852
259882
473249
676105
683674
138836
558344
195322
869129
204886
920007
254177
803484
180963
643647
554022
539218
132695
136575
264093
686895
640939
403558
689921
839830
341242
432269
769216
288136
490541
612462
222132
309420
935976
346397
785726
924014
204978
180989
616332
722278
765639
802217
149336
325844
388534
900539
843272
499881
186792
674100
477495
144763
401081
658401
205640
939065
623352
811387
591494
387313
583773
905143
748224
414259
467381
535818
190930
231931
543379
550173
766290
314047
160867
798455
619750
416222
365725
150693
736470
255696
710402
326047
545368
953277
120462
590829
257612
483026
343929
523555
591020
635091
162137
674756
555003
380212
431165
106516
824538
549754
292943
676531
694597
701393
155473
382704
276636
483198
248060
215666
279114
250254
213471
281984
777452
721017
913774
658793
795783
473755
277496
867346
813090
775560
123613
887076
521603
817547
357032
966415
492293
504595
207864
603689
201371
768820
236506
215966
634711
359731
554828
378019
311590
376142
802982
505099
281774
942498
544227
344972
393674
371061
254754
728989
137025
365733
347828
116174
401746
324369
412756
527115
734343
765507
503442
944819
839054
931542
147060
864272
556962
764969
985023
168752
859512
329920
805712
955709
588073
739379
412757
843815
245053
686882
744749
567188
984881
612119
363285
345668
186140
584583
680319
894095
635637
773239
826609
591903
978098
683734
885826
856110
349844
186550
590723
795250
500496
263029
632492
613681
363309
543625
207522
647033
109484
195776
908357
979959
389855
573410
652394
126282
773510
325436
327752
393069
876622
132492
851554
192503
958746
667274
302743
638648
918231
467348
689733
820914
895996
872796
523727
422375
454831
355401
653307
563157
245348
418325
560429
195134
591739
493300
715172
671949
677178
870929
673566
728950
843560
477793
849527
693694
788071
835896
451453
323328
649756
930668
866537
112705
911292
307423
574630
776139
429974
210620
976683
251776
100416
911710
667737
547949
480455
632099
208963
929679
427694
908963
373972
103028
159007
212980
528338
757149
253660
586170
539108
373683
993612
554578
530044
848162
869344
346125
378284
706288
412033
813129
313104
109612
495324
683374
994139
606293
246126
590882
481014
863109
437080
389728
253007
299991
456218
645647
698984
714794
298244
120784
657881
761211
945624
110818
429812
495567
173952
470373
801020
389422
513725
814081
312586
448028
879890
977019
800485
462433
977690
319285
345606
408863
215404
494289
417441
391812
379661
586268
452763
239235
511591
726784
328324
773704
172557
910694
341530
801034
648147
918340
507789
619745
249715
158144
583496
752894
513922
352979
788055
998377
629157
607524
188447
693993
164691
212614
769371
724470
567657
408166
981172
145201
621907
998476
441158
615095
705214
651788
719348
316181
357680
395963
493713
480393
695896
726788
755806
723963
476086
318271
640023
308034
354428
560087
493158
283048
400666
572953
483704
192109
766500
527225
163114
985332
500078
181244
463703
844878
417158
900450
891918
997287
969159
243195
933630
930827
786635
857110
366568
222686
416164
537600
130148
875015
468695
150900
898669
689132
885307
314590
155530
882330
305830
374692
657760
255714
383221
538788
481492
225543
600892
443015
632189
899064
652176
664468
705748
365560
863451
232963
762210
733702
457419
203766
673446
224524
117175
115349
548582
505034
561049
328084
468584
775502
817933
139566
344966
118514
795251
740358
363663
606873
455016
910342
892663
429865
532728
367268
748002
219991
160916
522935
644137
591376
918699
589718
296891
987790
200576
910182
543283
236800
280820
367902
814185
692289
436518
686867
234637
464759
857566
858409
358631
204593
927840
212061
451850
478474
106755
703199
298782
948524
102333
771476
894984
373212
825201
187766
181419
810864
703072
411122
983448
611871
516748
340441
955913
602909
186176
314279
149482
466071
462870
529059
978224
675332
558225
525886
465933
861373
325791
781296
926584
257291
120379
495784
253815
517123
146719
339875
966234
338152
318421
391319
441097
800053
248434
624211
481643
657793
236674
419272
762864
306313
452162
452322
416992
832900
509625
526936
648211
257586
118629
629777
665838
810685
817508
621663
125420
690513
655734
773882
352105
503667
274274
219827
533029
996470
524255
714789
572515
963064
854687
287683
118581
968641
725825
782585
906035
249923
825722
430668
471026
804946
258408
167757
976202
218044
470340
749653
412334
825416
206012
396610
624946
534342
678790
544291
863112
541383
702714
283189
564290
936680
553200
377344
352084
603277
343556
895193
525872
919428
651666
810081
411285
978643
389282
525148
110250
920465
224952
287902
333411
957983
404627
141936
549405
309018
306171
586876
920659
918162
540383
965584
947619
924591
818413
498573
514353
646599
927616
368943
662442
716639
357469
680674
761844
515742
487667
859765
198929
343993
984743
427484
312321
874432
644471
256666
141836
207078
775765
139158
542854
447431
479275
137694
755818
695637
463252
482011
944649
946801
113450
195791
759649
633554
827397
355534
293331
897966
982853
177402
266209
309956
719091
252026
820707
250222
598326
245005
556683
984754
556031
866081
192042
396116
284249
529935
467794
454010
167372
786904
903529
233157
424714
388867
509452
906761
423070
749209
402894
352167
523445
821052
110941
817295
640583
115735
917773
376606
465705
299871
952905
303120
334325
332950
280489
939985
201665
204792
325021
942624
840135
140328
819272
869227
247638
686353
715216
956243
952201
252002
769274
113621
221584
258472
774150
566402
696048
407536
845189
241465
602748
309613
268763
867839
940844
226974
667165
761209
705022
428333
971670
405703
974160
373260
789933
761763
689706
393112
942273
229908
774875
293407
730180
216122
187803
102945
498609
252597
368517
192730
361736
191542
542183
214263
518407
346860
927433
508815
206157
611086
411197
483233
461935
518852
852550
129554
662775
558037
994580
337419
720411
426942
966231
530775
530430
571680
655192
370781
215837
923045
265973
936940
726016
958629
440635
717908
952484
414506
908532
252338
979212
887358
363078
988500
142503
896193
448241
309422
323519
491552
819842
821974
108473
943274
270655
677626
299451
824122
395768
309768
849787
953546
407098
189407
614392
588776
269033
625615
672396
666542
927147
309559
606643
453688
238683
688264
450470
565479
428317
636712
570760
158965
126926
348315
168333
354583
864441
418677
425225
765112
193583
842162
744110
274422
311421
237299
708485
500752
174888
112826
641501
203182
470525
582825
218935
273621
156353
406637
273397
971397
399654
167554
589799
194349
561431
667139
470057
762000
461462
443697
174773
872010
735192
725719
610448
383771
869220
855293
266693
168623
976935
433583
683261
954714
861669
694346
432218
992265
783187
920886
831797
546934
758352
334891
692282
527249
234888
907447
978723
643567
392841
309881
981567
275558
453556
348143
948321
471846
233119
147695
227634
886563
425169
480509
129789
889694
592277
976250
311921
367151
546905
743968
966530
157827
688405
280850
798712
270500
749269
831190
277429
719053
542312
263520
942888
443893
272685
964971
682382
739115
725736
735128
970395
603882
777750
803096
774922
402525
228620
538168
363564
368268
239676
568587
952697
207993
350810
332261
694779
579730
330534
826371
421535
461531
801282
393661
396185
641893
555763
664568
493423
815825
239135
676132
220507
700215
348136
211919
114126
477021
618476
672656
700764
908468
465373
384317
967959
771691
919549
546188
892838
208313
482804
470674
891858
802144
282650
156179
846717
845541
283114
723833
433737
964240
393621
588749
334828
798518
502654
336854
327550
515732
112070
976213
286552
702151
444297
246714
909503
371025
978600
343427
619053
881601
567754
750766
422123
104998
985635
270573
219188
536953
598922
349899
529259
431812
828602
718899
905249
137196
888567
429970
258038
631857
665455
589991
220819
860801
834745
303077
577664
737309
697779
474925
835540
608184
509248
236623
751703
419730
632356
346961
551669
123683
163858
159525
116198
668820
745226
983281
113055
938411
527261
959412
335180
671377
561114
813839
570344
876276
264082
968567
490086
122792
531156
881964
554381
237647
897262
660593
579942
320681
189177
761563
336408
385218
220357
564159
770867
657422
829856
169986
237029
510029
658063
182875
956002
522189
886630
769082
956781
231564
120402
390332
883768
208244
926660
684064
354001
117237
444642
198408
638020
567238
931203
556954
474422
395229
403530
252978
199064
789695
447556
136757
660933
110243
623286
218104
246465
785792
471348
198004
269024
592798
391868
784389
629353
407163
117553
513331
932782
640533
804338
603235
888769
682605
924196
667907
794107
782178
156588
129962
624137
275791
641238
271276
296203
777232
544405
255165
679293
859657
622173
971868
936111
623624
409256
492119
127145
687702
933468
932655
300391
263578
928900
619323
629865
944861
709707
928099
388469
457064
283362
944776
685581
243858
307724
198536
791235
143906
655025
381943
335895
175514
428505
999729
942581
616043
687075
969475
844070
610393
881525
936398
886016
357252
570999
536348
322675
706114
893090
115263
715058
643634
744696
480572
568303
690263
143883
559414
595212
679498
905284
990689
773564
859000
548397
813948
530656
299431
180372
838338
337642
304987
152909
446839
135552
726261
811313
942055
688946
343210
108541
864635
304123
258029
263074
678765
906766
954898
483937
622212
956779
163884
868138
300901
620077
615065
398582
447778
681672
282536
274272
452948
929340
132638
143811
618554
543298
892876
520169
185927
170862
680798
444559
758176
105706
424227
980177
725201
415174
544525
777643
669722
454644
146928
631921
279072
246948
795580
949091
777474
877222
497226
119529
976248
607629
436430
151238
300095
848917
345137
295944
255206
443221
512611
659082
523855
337450
858576
400432
954229
937788
627280
569399
307354
254946
275914
152568
407067
852153
786356
525257
455869
506098
218488
877852
406576
197760
411811
735102
569886
908280
967195
931118
911338
561339
276860
676656
478992
844550
780288
231773
117189
549422
625965
909024
882350
542667
380624
731623
429447
682009
462514
507541
990269
675300
890451
260578
967186
138722
772070
618793
914507
228491
399191
153244
745411
172137
561967
529985
191507
262603
477621
706668
402112
422858
801333
658975
289919
159355
399302
384342
255663
603618
818005
496955
778258
610323
908143
535996
216813
812083
987003
468667
995917
704969
390467
395163
199859
169551
806596
507335
734046
805048
246308
863912
827921
305242
927955
554031
371769
685435
773131
632903
160899
174634
418913
448040
712446
840363
775699
669703
267429
390200
466046
350578
430681
833259
226888
390734
369431
419990
204217
421668
565294
740279
445445
542486
457232
381726
354403
868495
400312
203064
120180
915460
714161
397410
664520
109874
155643
566718
877025
937825
142714
378217
899149
977489
247922
810531
949078
392221
285568
179523
537807
549182
452282
129045
717150
925606
247590
739199
301110
841840
685469
722296
215397
698568
450676
491144
646811
841594
945728
761613
613165
511334
651046
528335
663997
785416
768809
322598
466035
338111
798908
464072
354657
681103
958524
674517
171213
318025
182993
831736
153119
118083
896921
690467
340121
822556
481769
946328
795401
921438
262952
604746
507825
219793
327240
733825
477695
555714
370025
993341
764499
171574
657384
539367
137483
308652
338308
481823
945239
653656
550987
373079
108775
194387
753501
835243
427549
383643
422693
578038
717840
526345
170769
233297
250925
265445
216199
180103
547686
415487
168572
467848
198133
367434
351784
738111
733433
351425
180022
558746
714830
422111
912466
232530
356802
317253
866704
479116
691669
988580
308691
387819
613710
570100
564864
416312
851838
721619
794535
776928
258141
717203
510108
553322
123344
863335
363608
845451
301220
920438
886592
885200
981252
587432
153532
442501
852633
193257
742971
284703
724173
608430
753148
775272
762519
186992
174372
371394
581097
707915
218584
294580
451176
836454
450192
734170
946619
449501
465390
909238
279115
239207
833338
233471
102055
637397
122019
639049
720626
772586
958041
825858
695666
128878
595010
340941
430920
957160
483216
515660
767213
474852
802446
481730
117685
556527
350237
965768
437082
388611
187762
653958
274773
947217
802825
275122
882186
680333
137168
845832
638892
784900
655156
405793
894695
677974
138318
376151
337210
473805
699373
338465
949190
102173
193869
907553
522557
675006
216245
637433
815995
351261
715079
467258
887549
811944
261781
805467
668229
556669
533574
313287
793357
164625
272099
709758
655479
729304
251049
615372
300002
965564
727770
454538
336409
654043
597428
125624
438154
511337
594849
877353
815340
130167
230773
709266
208025
434937
900392
856566
205486
185872
772329
909795
244224
284608
913994
847468
941634
951508
546085
601644
939147
488247
148393
214220
989924
183275
723375
964385
239822
276114
419421
145788
535641
497039
177186
628556
381052
686739
405423
141163
436406
336118
929523
762873
964517
212484
401904
355000
286532
380605
210747
358072
949588
890468
153475
614196
142232
309249
184919
532494
145823
268581
810034
605186
568009
289120
193041
220946
297212
665380
254435
255445
435169
843484
601088
925454
431607
443676
408145
131014
951713
120334
897983
695150
930099
467504
108722
315150
500981
226946
201171
519696
691876
721837
572244
462110
711735
334939
641746
698016
625473
198136
631220
682603
691726
541857
410644
703989
918436
524420
549259
113160
280805
571369
911195
945116
784238
780967
962552
724012
899867
358889
508361
839236
583445
380848
155869
472792
555237
480101
472225
394768
686569
596079
906198
804548
544763
657488
690315
732346
171012
640152
338980
443118
898205
908376
830147
123074
573882
577003
666891
794905
124035
883540
308160
250444
766843
880111
712583
684817
370263
350378
832681
198579
428562
455835
469347
625543
475290
295656
275838
118218
577100
108792
708898
385383
338199
904418
762862
335548
545492
725248
310041
922441
231790
400949
157197
560967
418699
441924
687086
689795
677449
531184
429363
513520
454796
420168
809033
452447
725190
414586
547005
564571
510686
663001
413794
822839
298899
559001
304288
161538
768252
562119
577644
338050
651200
394053
805640
677701
757799
985826
129901
201547
665248
374766
416101
537649
485539
157509
822130
700295
256030
194116
664911
830162
715434
812531
911196
258987
302708
325131
770497
116960
429262
798794
501660
236201
689390
795557
528845
955162
882617
842788
502972
336752
679678
202084
660239
162117
896336
534413
209692
308834
571287
429797
191356
352704
994877
673929
980494
324068
677140
955893
191162
361328
422684
210838
142856
487305
375540
693952
518017
551789
143967
191284
412935
452240
219237
798600
385493
523807
761562
775669
383121
823988
841752
881328
776669
414877
139239
566683
624074
895973
216735
826605
343397
139015
379899
454481
142725
251253
980469
317540
478908
310595
828161
987168
671254
756800
378007
861449
534392
698533
162196
551188
216572
231911
815652
949235
906879
211099
457023
122193
879463
735838
728731
556635
759654
585587
424476
536545
876414
658961
342272
958199
335883
176575
744308
800852
151812
737395
125947
232607
981805
669632
147631
970655
561080
727761
254442
278640
899409
901101
660944
155940
670945
212667
795283
921825
879192
247454
995783
432647
849729
506630
488796
603278
859986
400855
121283
341236
501542
452705
913302
126353
996646
873927
244203
203931
743062
566553
766938
622196
177904
320759
228246
436132
669951
576957
581474
237990
858180
569986
540156
162680
335842
370563
752884
106318
738561
115345
782446
237867
950829
303944
433029
620767
119530
844344
681794
432633
518464
811574
702629
693536
197603
635324
755064
289248
253617
350471
809089
300965
961426
849047
229255
975904
490073
200263
755241
466226
461051
942464
801873
146247
315793
381459
490301
570723
954233
959210
959618
923726
533936
359149
564828
597235
184456
130019
578485
950674
589630
344777
587599
849591
163245
356561
417966
356414
335861
706879
444386
666990
681627
248521
102347
417482
523627
777555
936101
466572
145389
110114
811039
422229
454678
170175
906600
673309
736400
360276
176579
546791
846411
783942
253900
791493
612294
938503
839213
736675
419304
727400
166302
274070
919561
982748
194298
344342
818290
312209
538922
659133
126528
961311
250978
752795
567306
291642
733948
451964
539903
979340
284248
732472
340425
552469
564167
428235
851016
742566
184902
730447
484734
171149
285885
443205
887134
236417
571512
447574
676642
411682
459746
683563
364892
673444
232076
963573
488159
653378
441350
979977
622330
989105
426842
903371
500145
142599
992579
745542
122605
254527
253727
118804
573565
340955
805423
888202
993026
697846
946393
881636
713990
809202
618463
361237
930036
511315
123639
151049
582797
111113
411753
830496
549783
405377
841669
130110
151805
278445
635527
188595
994455
956364
721542
944188
588338
232050
521319
486913
387911
736255
842043
195255
822214
442504
943201
940752
808858
454312
932731
929174
570120
921119
673792
515557
612074
913181
779149
573568
210202
253137
497674
247149
560735
482044
298035
392079
326187
957642
629336
355885
889116
174569
944610
595900
185691
419354
438905
580093
936018
110894
705026
875167
609975
213339
298382
614384
963979
139268
568838
676855
352113
733200
431789
964209
753564
829433
632006
254950
348299
970784
582261
189223
482922
658423
449169
583148
855184
646852
855506
493077
163747
367773
200170
706871
788023
436098
835929
153995
704347
880257
803680
884823
160216
490514
799219
625443
258894
154075
868648
252455
232698
240884
769125
815690
544434
616082
282829
481698
482256
883591
273416
398961
378745
490169
106494
142926
774478
186369
311828
568144
494469
800203
745118
812355
596375
969446
793615
609986
689810
946186
115418
565107
737969
685174
207575
563939
711658
530682
786614
664454
794783
495542
640333
257107
360098
259165
342527
489690
202462
935225
409236
501605
970892
646732
762575
819563
699185
663729
434458
469089
261470
435872
450875
455465
971725
214071
809385
975005
553541
346788
496041
662992
126412
231331
650407
399247
691731
913859
281704
511383
586131
303817
199951
320331
530217
123548
286933
130595
422671
767979
622514
253370
647348
346989
233976
788007
359281
905806
641626
885280
357809
603160
489311
763467
645990
179448
159652
223076
733753
539383
128644
247038
858772
628409
599714
696141
997162
587048
822575
540752
928481
318842
639292
998013
840361
202877
618784
690918
144884
866062
783362
115147
230930
272205
502753
477654
172311
832756
795638
625183
125182
201325
332783
437772
237712
399746
688387
634506
572528
505082
691029
133275
725794
872774
949929
503242
380069
894005
247287
328667
371611
295101
783947
463839
100111
156887
119805
628395
522014
363232
625031
921573
892387
173053
541532
463404
342410
370435
595581
710875
556672
891150
968413
277257
508236
214163
580039
965022
956579
195382
889643
972258
804377
232324
548030
637670
987313
878399
563519
798300
583730
568402
108036
486013
357917
961404
791209
221589
766295
256909
972807
246383
891672
972510
631592
550706
814551
420764
262628
543702
491430
412911
189611
543795
704996
952175
943037
151988
250744
861431
238400
863159
723884
557274
605812
684661
508515
270299
651187
608553
632023
684349
179326
145400
410042
938389
166454
398344
439005
568207
361439
726792
637618
622491
831386
760919
344686
769495
255732
918133
651693
846318
117336
468581
841065
528775
771443
518940
879998
674820
592410
446738
382191
938104
509394
496263
997715
937269
454527
269780
716376
236841
917319
829760
534227
722620
168319
635642
206086
680440
658939
399719
415277
464388
392252
554153
797733
187533
700325
621660
943417
478667
263603
424792
162521
208357
559501
786955
110676
669598
593167
377447
178715
711741
584386
498116
676806
768597
548943
898630
285251
783554
887779
567431
690264
781486
402283
872021
622794
657973
379011
946975
866637
886192
277077
549230
902662
499373
328251
179160
225775
367411
418114
675190
432814
336775
642730
976356
486454
828519
302153
968121
483099
224527
901801
912488
633302
536230
495397
869139
454230
634666
785506
121781
358257
312439
199263
268742
737784
155888
828905
361702
381313
271816
270395
763795
679195
670950
121697
806612
841410
522240
361323
909992
999394
407776
194887
815293
353703
652634
768044
936548
962193
865138
266572
443056
278070
902685
417856
166704
870322
404109
689291
755309
857212
540090
298094
522570
575439
845188
729531
356116
933805
668553
349584
809293
245194
312188
383703
559212
454176
845397
122884
752672
758688
829353
796052
951080
322877
502739
393248
712397
247899
470527
587174
396504
611940
781133
981278
945563
738261
395199
927334
473675
618277
284535
354525
833000
237881
478548
547000
974483
109997
149610
575767
533102
236973
595878
920165
310731
782270
527098
931283
253852
677678
839871
707058
747487
185860
945455
513816
159378
717494
946369
107578
501006
230344
659693
607724
329865
299275
454227
589399
858334
581555
403729
308310
776600
605314
668627
233305
237704
666841
392256
266782
403726
307655
922468
921161
615362
744149
223657
837643
336322
650460
261526
465579
402203
898271
254021
524319
601955
200262
111796
216478
113789
107989
502580
593303
998554
853661
823477
187602
499426
520111
843776
543115
956684
959515
341542
667674
445710
283873
988412
448224
268281
539021
909414
227431
118328
563490
909877
462438
919802
104955
120666
926565
593113
522064
195354
746381
888667
904453
845712
359317
150538
535304
369657
666641
906644
405322
830045
151354
570034
400669
801591
219366
902729
255017
957940
806851
962437
152071
579359
191136
383363
813698
986134
921522
767246
472228
651209
793818
272467
688114
446793
226752
774028
157233
758596
202428
277415
325897
333440
351442
785389
934956
895271
571574
899263
886855
314664
931395
909404
884894
938551
833491
255303
806284
994710
497982
288355
806550
753994
297089
946169
684677
111411
914224
186021
355973
378817
781340
817939
985363
655711
466801
214200
627284
397948
450652
456035
739091
978860
100421
696918
993929
557741
129723
779699
873126
384789
591324
964291
192660
311227
679892
830898
487148
176259
927447
615432
657782
118188
928961
105893
358634
152385
809285
420173
587203
703035
483536
868335
125399
387113
764900
651070
931336
162288
362760
724438
325461
734132
527359
525304
224738
828973
940879
123369
370017
255803
926515
637868
653318
361479
488425
975749
319689
392201
908090
100893
938946
419723
556367
254821
301615
898607
324310
465521
969249
393642
596024
592233
666231
545098
393871
838418
495836
536914
327325
600301
552031
418491
972609
762624
181772
170284
499466
425738
420086
952412
676348
545464
998683
529196
679984
357968
773138
886139
985664
654599
820417
965330
300104
170976
820293
764542
856640
825329
927936
708068
766453
539284
879002
485706
107111
768100
544133
207940
875936
527322
244488
654741
757703
548480
351982
525212
723601
921114
451134
985359
148835
334393
895436
701079
275192
519501
770642
362308
403869
907664
573638
920759
245159
154727
688660
800736
285384
243905
114154
689758
839357
464132
856327
525643
450315
710490
497528
794282
384376
162693
297622
209778
128484
840502
396893
137005
262825
743379
946214
629741
731836
608722
960519
215252
617995
644371
513648
463487
938696
642537
399892
974627
707335
874365
705185
910012
463272
443470
341707
226512
642633
322606
207146
509165
671420
919350
970191
841453
912968
459162
749622
382482
714550
669855
666558
840910
714013
844251
497385
171094
983437
462858
260633
500546
773855
799581
547072
306825
959366
912573
871209
293912
214425
503885
820488
630819
390062
969231
305509
400117
760469
231683
702338
471299
197629
368467
308745
221342
949741
724171
449685
566130
728887
655625
839201
889715
925044
399494
261874
138110
486924
486107
230663
154489
495289
626573
311098
883954
358919
451070
740932
521170
724722
954731
337741
625117
682298
395721
284846
928050
355325
875741
719864
783183
300132
603541
627672
144480
821335
697158
403181
420140
500365
870571
296260
775642
597669
547546
355986
688239
228987
849589
638530
675727
573455
674399
421627
817469
421279
396226
666829
461509
206903
884608
202812
103493
281034
447407
623339
924495
496999
570178
441911
806506
433789
484560
632052
389702
340510
510407
430341
908772
255946
900765
166634
595957
471446
639074
693052
270266
496407
138409
527568
144361
363126
830111
562462
993448
321839
638103
800143
603540
226150
314529
940281
624310
572151
541923
114242
950232
788566
448691
733866
425970
721515
587062
122026
446241
518084
111404
403549
117339
446619
339139
493501
802585
555971
389879
242320
241614
530992
619022
307032
364985
532886
737933
529283
702880
180914
609098
922013
342745
910958
712322
341012
893094
933864
650408
464937
270309
870535
901059
194827
236011
242607
594341
156175
366360
176810
854365
850398
473057
172274
986232
978410
664182
957744
564652
662796
751325
754938
725180
300638
282489
689264
307698
596992
899650
171339
818700
220077
448471
935948
648864
442906
749507
317918
964515
912250
922520
193777
482575
106595
812048
929363
743551
589542
860984
805736
762097
125578
444367
152855
701333
304598
834018
588680
423815
715833
852351
234315
392777
180655
845073
874268
583926
322247
287618
582659
596896
879582
704533
945358
735986
646234
751732
207795
359159
271569
374026
398899
165769
650134
782088
940824
956170
704577
187769
301263
368765
367611
803425
998316
401150
207422
990139
623515
879575
118189
544371
822251
260841
890618
437199
992883
218557
647932
230425
823485
909627
239479
619098
423368
287808
274134
118435
988367
590761
791684
737222
825717
588612
900797
234736
594757
538116
686751
148778
227571
832705
150896
492481
827900
550022
266812
168385
126777
724986
161850
264964
412514
665919
622602
902903
954425
407777
726387
853832
430400
364776
640714
566397
167187
548259
575464
983756
684673
652247
788206
920716
737825
190418
925836
652704
838704
813998
519948
909007
175770
859452
847349
699074
413410
863993
328355
815129
200622
328949
843211
568622
223864
509710
314328
750028
321229
893430
418684
529874
398903
287479
255652
404660
755885
672134
640374
227887
278203
393708
867848
929662
263995
506849
291773
650097
722911
108253
229270
303731
265349
413060
361171
213051
745263
257679
326755
412557
901276
315068
263209
758891
159140
815996
774926
184480
985054
463074
314313
173729
476942
284341
419870
191991
301768
449810
678025
585100
222322
653227
607835
578806
767974
662810
948687
507444
671314
389930
822198
820375
339296
607966
885808
902220
760546
491726
583215
804519
636382
765986
903316
814057
210307
838044
688678
152928
876480
107395
470535
452501
234928
283559
490731
822493
164008
908439
415672
575181
332646
172766
536929
650372
561105
667467
842646
605056
572195
842971
243258
393510
560578
124439
241342
668355
201886
973291
572670
303941
146186
364893
505532
207604
455938
232350
987271
445554
337762
267629
472954
313093
496383
627408
209996
261000
698637
825132
576825
995758
869736
212611
248396
606730
860951
568625
976089
830547
796622
744059
162694
900668
102707
599821
983602
130316
103155
660919
578684
937261
882682
511113
454597
426285
398324
686286
515004
812093
365863
782135
550719
111352
757523
261975
938438
426614
409579
283833
836197
748784
210781
694084
519321
391315
142140
227942
166728
660772
383373
919841
135239
575836
936935
455338
760023
881793
761703
902817
783797
903501
127298
914668
410929
848151
274388
239087
848846
199505
291655
714096
748989
945384
867015
160381
771771
590460
747698
923125
195405
901076
189868
115296
686588
302507
887274
141641
703910
436924
727684
732212
575827
522879
618025
403375
507867
461497
918266
178799
109302
805577
762410
715576
290186
644009
897987
340074
653150
363161
972202
583253
574871
779292
345572
496874
667658
445865
149244
566581
140180
578718
445620
664718
328468
415929
647287
666708
486567
404673
166259
364962
896068
384522
211642
958998
421966
391340
944391
819844
713881
537769
469831
181928
756453
907258
165856
885064
543260
177157
661472
906620
534622
367772
941783
716451
675882
782142
492883
682523
445039
912355
137003
409397
567767
204312
937927
202897
594278
615333
869566
779497
129566
535605
985955
525939
236982
995403
617251
165646
618867
218373
671060
554397
662118
265958
108297
398837
782911
874434
910168
851832
207073
527427
723713
825045
888094
685687
761728
745906
574782
400433
737205
380763
245633
573704
758924
804185
760125
797097
165518
645700
800994
950580
295309
909784
483285
256664
146354
617839
119281
486945
853101
766473
935169
925974
205889
173861
361976
881262
702236
172189
236969
575719
832905
678003
442451
260567
774650
999630
467775
924358
810564
224354
211772
427089
531629
324373
610183
479604
191409
714027
581704
663950
278906
961484
660120
634811
366925
974399
969956
850193
283228
830874
716520
445875
194788
748380
950510
272290
837791
139744
959519
607922
105757
378394
563360
388603
926026
305523
282094
991359
742715
704869
381821
219343
565033
831824
245413
644593
115439
657493
486022
540924
956657
741865
824999
649004
100025
892328
793560
251563
543482
121500
331333
375156
441339
491590
422890
733906
775399
352732
361757
952460
291602
196229
502980
222966
912383
198542
805430
419739
431476
901098
174584
409073
314409
788461
674418
399600
118738
810638
968162
981983
879672
399961
623960
814387
473969
280394
400282
953738
211857
418557
200325
451606
487196
360718
819411
313476
135969
655646
543567
674475
980356
784008
482983
124273
583246
659020
378869
749464
560175
376162
820287
240970
996122
478010
625811
373907
349415
748431
549377
861749
583974
908695
931792
838484
885334
529724
295414
656178
330831
424577
343558
937164
574607
934458
492126
626719
471881
442295
322095
602978
118252
433416
199173
115007
822081
930279
786170
915432
102517
987337
475308
896968
640259
157371
371414
504653
396763
443179
879935
462850
391420
713256
660428
618825
258254
704595
282652
940652
995605
980753
711329
116302
397507
279796
194942
183209
974968
383455
640804
590129
696993
559285
158416
330570
434017
697888
679478
607844
973772
863506
460895
530940
880547
455112
229010
845551
220001
534214
843379
451123
137588
675662
407881
837782
379866
251643
424725
721893
348410
140895
822630
965044
540489
167495
324184
158534
768189
937978
571751
503639
782505
108906
198091
391593
607460
285123
644440
208189
931445
495615
370533
920298
310408
922531
671401
690313
184400
404114
836187
828073
278418
645998
313486
554181
181340
554461
258585
624615
295581
944705
549930
488385
218955
285220
134027
339596
154649
807366
703398
248784
438672
412451
705559
588701
599462
645769
711642
212080
304001
988293
649602
971895
376353
924678
772896
309526
959734
284117
940802
840604
987657
657762
969773
629386
497059
905481
781103
571216
936019
155064
388613
551347
797687
560811
623024
147463
734921
178097
850293
772863
220541
781255
247725
538309
623144
432172
610694
154524
966597
204756
899434
927210
841897
657426
413541
389368
689873
725553
239559
926437
572718
671616
591900
711445
675312
180390
787537
760261
578918
344159
838175
637680
134237
637247
689160
134209
795045
810321
634306
358875
717033
162300
390318
339079
376244
564659
362052
754414
626274
417077
862344
111030
854170
540353
215606
827431
280779
876874
293547
209815
878082
243065
697673
774397
718056
315875
935153
129279
987778
117187
328406
422221
459591
683795
935612
757443
104220
387086
856710
912891
973768
404740
946092
711354
990311
547354
948415
370957
330040
978851
994374
490842
890301
308150
101885
339117
845705
570937
768984
484416
594671
264594
815355
789152
913685
851152
173652
196439
706159
352130
595274
684197
170867
437060
914030
401585
525889
903188
264402
178286
397811
369237
711840
966134
424755
554473
496093
585659
212137
836108
828235
248894
852455
844240
964579
347737
395922
640324
357230
219897
981728
914085
678318
103418
301461
345535
376678
393420
517396
932439
877373
790162
751159
265362
419275
513048
480973
754178
476459
815113
700204
203900
680173
170152
943839
845856
750925
121224
296951
678422
834917
389149
214212
206763
120388
853187
876769
856600
787550
228148
409968
821408
921611
271409
842887
256075
876365
755363
123661
724785
798411
125711
859107
854384
657239
380758
176699
928244
517754
384470
143854
443820
979920
874262
723979
566978
437467
185459
143333
370583
145470
232321
292466
449401
907833
432937
938569
967355
195559
279587
105826
609821
171528
926001
716051
451277
712906
318766
391933
956728
841798
694489
838846
622242
461880
899852
573776
742882
311928
841216
980758
720284
306370
632135
427696
595758
194915
331985
714622
358463
843122
294749
655688
466561
109438
936731
483418
855058
205030
698831
887364
696945
237855
581475
794763
780323
598622
628155
253163
833372
887195
634649
285434
643441
810453
976226
889109
593874
950676
365002
346218
749316
799328
662925
641390
100545
734364
625660
890264
506673
341399
599571
677297
740550
231779
765964
889764
129297
604280
423044
637856
531807
984522
195667
504773
414765
626720
850243
337096
935167
846066
745312
859784
801813
145046
373614
832278
835024
271778
167882
917029
790132
588909
383170
218719
266076
486500
279179
632401
181407
138334
532460
273592
969273
658160
556702
928452
300221
734646
370299
526798
726179
664151
707210
448989
376028
245127
740859
499746
338079
865126
984009
373375
563511
968512
317573
869865
152094
701118
844395
629822
934294
648259
685627
692044
762018
175790
654929
481205
935487
479653
332787
783463
692861
961804
770320
300139
716082
937695
175818
121819
213252
953062
971847
676219
970852
587969
593845
406664
713746
367720
846493
944355
522393
428503
926798
370768
939822
654463
496112
383033
477327
700300
324744
624811
357695
248550
325212
738991
553909
166814
757287
305419
192857
448589
339632
432605
391202
857042
766461
550610
720004
325102
505754
739997
860786
186329
719287
121898
773217
654112
199258
435373
390964
721059
990804
286545
634025
946282
762916
445251
605716
882662
492225
804200
543246
779308
386080
378392
843886
451785
518015
332995
634760
267379
437699
982665
575658
309424
428427
446890
244035
848341
896933
121703
255551
144231
553286
726156
499720
366069
273815
374174
981843
987844
713664
537765
167570
134088
746215
318557
694927
427962
772937
617576
633979
168043
265730
651012
469932
530875
255931
534822
359175
688231
119003
897899
411708
316038
197695
793905
218493
338948
645472
521366
294502
327615
798329
773825
330702
502208
721643
286026
156595
735659
385065
148737
817483
789366
506644
924370
291338
388596
883917
555435
779102
253128
440729
787567
934958
144973
899312
641795
738025
640876
792747
232469
575412
667773
563096
283230
937408
397714
705657
805412
252165
949473
677439
280371
266590
605194
822476
350424
518844
132331
842526
485622
786325
312295
767737
978675
935156
610894
875673
606684
404899
724103
330841
184756
164421
687981
943928
527012
753690
513812
704374
434839
712419
495483
350003
720302
606781
854121
569634
970981
754934
370681
889244
214561
265771
839771
637031
113226
341042
584579
265035
150943
668201
955493
374411
572779
337335
647680
906957
950409
922687
129410
143602
724796
794321
663232
457182
955825
236894
777897
292574
853583
129972
969863
490618
548611
855437
546158
849790
359417
406945
673711
867031
151134
744843
530596
870306
354640
201504
254647
595485
618009
723539
346807
389123
182572
257992
913246
415395
353819
394061
382250
903791
713752
413280
280508
646627
769900
888152
286244
270658
156445
965059
341798
287866
202091
965878
505420
303438
587119
224803
649941
107101
262166
463850
503011
826159
383116
612041
723671
755758
105734
894675
443420
330018
323573
912571
488984
650031
686981
395144
254411
274440
895943
235140
796646
402748
286806
321380
403457
126658
450402
621400
787713
705258
572820
135405
333744
264472
946265
625977
714676
287921
382173
359952
364610
499293
146868
739455
278712
906397
824011
307667
941546
650106
102907
362925
398302
533990
535081
596770
933100
210418
733036
802631
852288
242927
833207
256647
799197
796559
117443
259938
906473
455026
186686
313447
296000
969982
931037
271268
831858
146766
160212
886156
562159
920781
125757
737455
379938
380400
393723
432046
105833
831087
393608
825595
691932
445176
449571
372688
311153
606105
643057
225268
417544
954719
836233
685746
379901
145091
602335
672810
392813
929436
562875
289268
471567
465696
201779
177531
579031
658969
233855
137943
956695
856799
427179
830122
610645
237628
196133
251935
348217
124556
578223
201290
237392
816026
818410
984019
469316
192209
536839
541597
377234
923808
699496
423611
757868
338809
419522
692252
736384
343075
306917
403766
905469
104054
310512
728141
201284
549971
223124
872600
283335
812555
958503
896291
583088
824556
405529
216148
468327
833633
593256
691104
414361
714398
960344
619770
679449
433503
281049
985318
526542
880737
475372
212304
656859
326675
604557
803939
406810
184968
839427
572855
847755
963879
497843
182099
139633
600220
983900
855366
621061
845209
564043
395021
347537
813458
856975
290217
356557
585882
672989
134907
460975
744316
226830
783984
211118
884308
694401
915186
261844
616392
917287
711342
562481
933690
216838
747142
444439
565945
383918
125526
639528
486527
463336
539190
125695
102194
135666
725948
274025
642505
130032
780976
752635
673926
686146
178272
671795
297185
500976
208309
750160
187658
695434
747510
125246
909454
197867
698634
279397
441019
805342
700776
337207
767691
107698
548054
397202
745852
680408
205211
711999
129146
835580
339703
249315
522353
699696
823559
406337
900218
621928
584150
758369
969669
759108
573393
546029
114628
762608
474598
537441
140144
884422
740378
694177
134079
973423
457797
747565
451999
910559
214715
631883
855303
889277
975846
711791
285502
515238
862257
418089
652682
556810
297463
810675
566386
533642
282201
617579
116738
103576
846834
594674
168302
293220
438235
832051
951658
363766
609868
218035
843724
783228
701276
896870
623818
649197
977041
871578
352238
337109
689495
263447
594188
927920
350571
615780
174013
980640
779631
675677
394048
434462
895422
170339
618549
366561
898057
914491
837315
149848
244358
209951
690735
103368
428207
499011
560240
109416
113743
641705
884083
435502
195847
714868
189147
716866
415155
741775
115982
237359
518273
964466
178603
534365
773501
580646
751518
491023
561541
377781
980935
326537
368030
127153
275755
817352
809399
136027
493817
939899
636648
645940
931256
894185
468043
505801
905088
198279
293174
648544
698926
615429
672438
192046
649579
255662
931008
855879
586522
519301
334039
767723
817980
839375
748683
373705
219576
850527
477293
611214
545409
180099
498468
273348
566513
404665
457218
184787
466279
774105
660021
624358
810779
344279
333298
903272
896697
859863
744999
701967
741820
781402
148469
575880
117983
799920
553256
239542
541292
791762
331663
895391
340051
750478
111364
745186
384669
106937
782953
829161
226851
801775
196659
501951
434371
412146
882420
145848
756029
624831
461760
107621
622145
139032
721119
570788
939145
331182
868112
911803
285112
127387
212755
177379
219015
871007
665511
243518
167890
696323
383622
244910
114287
143753
681309
678396
527623
349749
160989
744025
255962
836323
437422
838738
425161
765911
852628
838452
555427
593512
900752
617378
189028
740045
453608
557769
708915
247719
113461
106055
546143
723659
202319
975187
525713
950902
659995
348243
361707
670694
223134
310074
142280
413858
572110
744390
848577
209071
835346
946925
915697
401587
173936
132260
513754
856399
766367
792079
155805
722026
714319
724668
920385
409257
406889
824687
353247
473830
666195
192752
743347
246661
518759
440716
685170
835875
876823
179226
773051
666171
924655
219431
136020
696346
814007
857674
401049
224066
849538
618365
413201
858111
966928
379531
806738
819636
772794
838541
680340
693189
851884
406483
166448
448799
207355
241357
711936
388231
252461
871787
798314
761692
179222
217010
894588
720732
856772
632809
165266
135906
135332
203003
171189
552673
648458
436020
368186
358167
878389
656352
626674
248704
776183
185802
176075
305746
877762
885324
827300
518114
538132
407485
925978
336713
308417
824073
180110
923744
214669
946599
326694
319153
811965
908862
924240
480990
369294
275046
984076
317177
682348
809212
144430
301053
806714
591302
269164
538796
272316
222185
814286
992880
729683
588544
521597
929159
792871
954208
471036
653501
795108
883397
872574
144220
972198
172013
257372
406505
440399
500788
241459
188097
733968
561407
654932
206122
517514
837821
353408
684293
809498
383096
709108
870123
416429
408241
513618
732110
877059
630754
750884
322333
621288
824843
522793
560110
342371
626919
102639
287568
910211
645087
500511
908187
467651
273958
277282
490825
734659
812442
849162
156931
824615
491662
542878
382048
491445
951131
338259
728069
889990
781205
282219
779624
944638
469537
324790
874766
384879
814864
381496
157436
933423
970609
420309
542717
235560
576992
949812
883942
707772
404285
611268
560166
290743
236593
657130
785373
386320
394619
976499
534262
397313
296625
571082
867993
927470
774243
647440
408097
355390
784181
631419
852159
247088
969291
199626
154033
450073
983770
899779
285466
809425
774352
424737
831481
805766
582646
232914
480385
728715
365157
551079
142609
539798
735811
170831
115022
822293
426062
949487
838490
698225
868977
218143
914124
902384
330786
989402
347490
191442
899656
873628
731617
392311
832062
716782
992450
443343
539130
780593
710505
696338
126351
760763
756798
865490
419572
308211
268905
737408
747635
149374
191706
493230
783425
832404
969035
158442
840513
563369
356980
324556
448068
449634
198691
365751
439332
827243
489745
175313
129272
532009
760368
158374
691958
296947
952227
697374
788643
469617
161386
220717
128131
512564
548196
842471
616905
943500
980756
178932
638707
287727
345894
782934
718626
145293
805316
858484
106797
757854
443204
675280
605386
569668
360655
583636
861989
745167
786130
407588
256671
657511
603620
648028
943150
775526
261204
556867
414817
574545
409781
187415
767111
526718
107921
751734
345103
712538
340214
546635
546291
147898
992887
423880
250126
769980
492300
979774
514857
723665
936652
600157
687990
341896
266920
375160
933271
254077
235874
910117
247594
226263
369700
216751
112861
379605
632162
958205
419947
227501
137767
618576
413078
246605
267323
840225
664536
208736
372262
332194
316703
613477
490018
972655
727334
271081
661740
836959
893756
616174
323135
501583
184932
748231
225987
814622
949516
507074
774279
836453
454921
125224
753652
773994
181316
917390
102823
271348
187736
245494
814905
881126
146537
568661
396543
489736
681069
793453
410912
833318
241179
616828
801977
207507
930329
265156
886475
758589
997556
883308
207953
285896
109850
528728
826347
521831
505041
415703
637586
520962
114323
567064
602726
384323
231216
247945
346194
359551
555651
244366
398504
553293
326412
801027
727981
562320
841427
171767
525443
544296
837215
246067
845573
611776
587709
988155
902758
220190
611691
931056
371207
571144
133043
854108
581210
757002
816059
277657
906372
356533
952996
329805
889440
525955
748638
992103
262258
668246
604652
458061
128483
316339
532767
564320
287926
169037
217401
571044
507108
365561
924045
695219
572666
732445
692631
612687
511880
606198
254356
520730
613775
937491
284220
297260
579337
685796
724087
133943
286674
817278
684785
325709
600401
798690
838212
475251
120318
251379
583359
337410
891256
624345
686392
385610
291210
435048
755280
196434
394023
596224
365473
469768
801294
358026
836711
177913
127667
771706
700932
822357
761435
768866
317628
920285
875860
544730
510994
995737
915744
580960
326540
654232
752633
772195
519688
725451
343584
635928
996529
258710
191765
858249
876949
896806
349974
379100
111634
655979
994651
589129
210493
598261
910452
551066
625354
166897
225940
341751
398060
509459
735599
651829
299364
383013
259529
311630
649626
652382
929107
147053
753174
545618
742314
227104
644473
205019
332399
628691
995107
473350
600726
878414
621583
378062
397651
453649
659343
872649
552450
625687
389968
103835
187196
948323
383094
743801
278171
250990
921090
429960
794561
285200
854181
664325
817961
554672
140489
732878
840275
258467
956453
876192
643066
352589
802390
390736
819656
466848
416229
691407
400777
460841
899530
406114
879006
618685
100785
319955
813916
164515
820654
437169
441270
883943
717603
681734
252007
297031
559200
610009
796192
696016
838430
411919
759593
921626
691103
561415
379212
970536
527804
617650
867608
910310
774728
693223
537373
693723
755625
180672
313528
436219
437641
365179
670654
976774
188957
195537
445927
435099
211387
199384
324537
332505
931320
385043
448887
215582
929015
241757
571233
772440
695240
625364
345261
585267
931486
813320
238370
259897
197271
343593
262096
673856
468173
772078
664513
897635
522515
904105
600230
113206
563648
974855
634799
259501
471605
240493
992252
998412
450266
176984
987861
415567
231823
196773
950636
149842
871271
360950
141363
409208
935190
172199
896038
587483
731340
841039
202571
414408
233262
402386
218774
579850
297697
544095
797768
288667
476561
868105
818117
679903
323542
143000
193912
731061
181768
568232
443897
915300
238196
965752
461729
126602
347780
946154
849077
276564
148997
546988
406732
557279
889246
605613
440622
928288
126052
684121
466683
664508
914925
640803
396744
707433
547598
777056
738051
632782
592079
778806
897939
767831
293768
256385
656286
560770
177788
261459
417095
111892
824211
219474
949243
491990
306194
855402
126831
290423
219626
115417
314980
732164
197402
815323
326544
193432
629100
264584
804542
841108
259203
276421
290200
935710
135542
871669
149413
384729
152317
357172
373598
202338
550669
931146
960052
817207
942154
489926
658621
713334
241147
911036
924261
668399
320651
502729
294875
516436
581613
387673
357818
502699
309770
105277
588938
617769
724231
136968
437039
796539
995196
796206
216344
181647
644438
539594
957476
615059
304145
698950
845522
432690
435305
366961
964717
861587
239372
544149
213412
134112
212940
666588
934607
328893
179662
173061
522756
733007
359500
862141
699236
634858
684264
384773
665969
615826
313070
309370
187526
132872
325786
230254
719160
527732
889899
208544
374138
684462
168571
760288
631797
141255
606518
459636
802067
343225
346432
267638
406859
819145
124994
993737
134009
904488
225267
412316
437293
330280
815427
135883
855984
170468
135343
562550
644714
888539
427934
188015
583323
754626
289308
311537
464811
770843
448693
716251
938090
205877
689493
695450
617049
406014
771350
429612
520285
282700
229222
258636
127951
420790
439560
662339
229972
280392
604865
738631
434740
626888
900147
956610
796465
563039
165213
304191
828816
595355
344209
781373
643546
427443
816479
814260
369750
236141
281607
955216
179180
703119
775291
419207
646966
906432
270194
676257
752380
851054
456775
372479
468072
141256
292397
728930
311131
443538
237209
106221
412165
536471
553770
998229
340247
247624
517471
821756
198244
133311
506340
541354
221000
821598
473425
750341
121303
355217
931166
732673
598051
886366
456896
260393
231033
268996
552896
691496
982337
352666
633141
690545
972739
938846
658712
377791
866867
906054
561860
598733
280587
807901
869817
256329
741727
315341
753762
236535
569042
916293
271080
615252
344352
465375
617977
251115
489219
427721
576408
671812
758426
508462
697022
843399
687886
605229
295906
462151
460885
346295
698859
435103
352803
145746
403545
492764
501760
281035
560013
422912
773480
257948
205013
936404
788194
339995
322942
996338
638348
186708
555909
583280
173014
851781
971770
285348
606021
469668
186884
711295
790102
390618
501654
178934
898090
739753
346096
137468
293470
907889
700614
108716
817150
242875
907097
699168
539076
853366
183760
577453
814210
763597
869664
805081
221469
650993
972808
910135
220706
610417
473540
259941
916862
858473
788298
509639
326530
308109
900525
415289
571404
497544
202572
483968
900725
510670
536630
320414
602918
565636
249488
290415
821813
715941
394054
523369
897916
633412
430881
168390
994031
547134
874578
328926
620923
110468
901785
435813
467310
912196
654299
368836
461737
263288
566036
819082
122111
403145
335660
434748
298701
782308
225290
421240
287350
148191
376570
729191
102097
178785
743132
396741
772231
735470
274300
169539
962072
886224
665269
387095
162201
924975
118952
753181
884527
886062
243620
998874
621302
826149
496777
493265
225839
974721
967184
745780
353905
614903
833592
185339
341531
177598
582373
248022
648105
390405
126981
239263
933802
484769
613075
451338
715744
228537
367799
850349
807978
846048
523095
790393
744359
816145
357552
753351
249682
248528
773457
402136
463595
585251
332258
137724
422519
348903
161346
603685
934596
965036
820581
908563
861835
722479
854418
269919
748715
872885
403202
589467
749712
892750
429491
487855
972792
787045
988061
127186
876100
705551
187815
627811
954524
443276
507675
195232
123826
444317
750493
761210
475763
115350
505585
576895
355313
853108
853998
732668
378767
918351
171247
204094
407902
477347
771001
251031
651769
709176
599628
216298
745827
528399
499643
485223
867726
630412
810547
746277
238890
470830
130002
397173
966686
243763
987740
226751
295164
481961
546747
999433
973939
591664
687632
215003
193357
119129
249300
823587
963751
859533
796264
321498
652722
223207
952863
243856
421290
242841
246681
446319
112107
410785
945041
969718
148064
626051
615196
491079
683656
387022
434514
249926
887236
982276
401529
561824
178033
153146
894648
732081
694001
515925
860783
715231
213488
562844
925185
755308
307130
766662
582077
471958
835060
804395
478743
399489
145866
811441
466615
863469
440772
418597
520602
436456
853672
580140
370991
286312
522096
973919
379094
545838
408518
602423
118963
852430
212680
300267
717669
802619
167708
334707
829729
367433
340635
827307
595585
864965
326565
585205
972843
575566
104293
964251
153698
189549
320738
980981
137982
857772
997227
903330
951610
917292
173706
135768
525441
498162
686459
464002
987419
774437
130736
287140
545974
390394
819259
238829
822827
500423
813837
820486
202678
520834
874030
278942
260318
590483
323482
751647
246342
179626
877805
942964
849193
471135
124641
265029
751436
961989
253287
203414
214889
204740
140128
383841
850289
715159
783336
886559
657213
301326
421353
409815
966891
307131
262944
318948
455469
830375
742309
231452
706253
566568
112908
276593
348117
989048
267301
585287
980867
531250
775857
243341
270670
537262
284063
159010
398125
458049
741908
749890
994685
909169
536892
771930
199763
525376
508613
324726
792564
673577
378032
425082
172248
454295
631806
665324
111106
381400
387541
966735
987192
413422
714321
857324
451875
482465
388402
629703
123294
873788
460141
549133
463408
508597
729040
431422
921975
348253
936005
187098
661457
951551
852949
705600
120203
639606
779249
431173
800503
730879
853474
788400
728499
922164
846884
508599
660098
142388
869119
401542
751567
405754
452209
897818
363625
106412
326375
779778
289412
132384
481973
714426
262522
536811
275951
222464
810630
855197
832309
197429
377704
435928
621346
945643
413621
150647
134584
243283
557095
338901
480447
233623
467571
481122
479136
297809
957085
472865
684964
199747
127284
150684
346890
404908
226841
981436
533082
124500
180073
468961
376625
152971
348613
361154
291997
324985
969095
152925
858975
215873
169949
273662
172184
371192
993381
381372
362267
483075
804309
673219
435140
513953
901009
935792
278189
897692
267953
431506
794624
801279
495559
870911
884462
117582
583680
521491
749252
329762
665578
840075
435167
639877
172524
962927
969356
546211
434067
729530
160991
714086
820296
600733
163021
602691
903392
741485
781177
913835
152483
140275
254602
747098
684028
504743
802837
776785
566733
479061
779503
696581
129565
683602
748014
657804
916585
892793
657103
274278
206380
178136
200002
501387
665621
284934
439046
208403
686728
108717
849494
968866
796189
521177
872431
190338
223030
537134
330471
894398
650132
949828
325261
169991
445070
483818
787307
883253
953716
633835
547870
741640
909550
627111
574953
129166
154865
735948
176448
375337
672020
419842
528653
220513
244001
947711
929270
533973
431414
660225
801567
132543
119694
536774
756604
193947
644832
617064
872833
954515
685710
471163
625342
388392
433516
261242
781897
902928
590030
334710
103571
583795
455774
776882
596761
285086
867341
344185
296561
469786
322814
127980
950621
601846
196204
147131
765830
914548
606906
325326
417707
926394
914791
633499
256449
494349
497968
392165
975837
693678
857814
947358
103357
185317
668930
906143
841965
854726
225441
714927
861631
551065
535843
550321
991433
647895
339870
406981
220831
463392
583279
689496
431694
196787
721388
229205
716143
821921
486958
275462
643683
320212
938865
539107
844687
648134
658685
207093
114429
579963
286814
326589
596425
482681
964328
847311
190251
836780
593870
262071
566713
267587
484029
431308
438869
276532
697535
388415
144056
743079
677638
385788
263052
836326
275928
859575
989393
482841
924850
876396
774442
858279
296769
937049
297192
270284
289840
342289
544969
548573
647304
677431
105204
248962
984069
462807
279188
377365
816469
582099
178533
388468
700151
184598
344938
593548
481639
943115
338396
551670
745641
158997
617987
194969
637295
624956
632301
345354
926356
457948
609206
370819
214950
525108
593418
703640
217170
750949
857252
540668
250492
179971
334175
350593
909063
797706
556650
258959
430177
566591
206238
135980
927055
401336
496208
358455
455901
373935
387656
867373
779553
931122
716356
693391
448965
663559
869240
160013
568781
980689
271686
790398
919266
972149
428260
324457
147345
966904
609626
124841
945492
361553
686025
725791
485463
631626
295066
855912
458557
305577
375614
582016
330827
824595
400134
636619
872870
665852
369626
997431
467599
478542
349692
187393
933227
994549
939768
869117
307138
292879
743300
843245
143335
221666
582817
727055
194952
391020
682543
917891
551413
230314
785257
581788
977309
270652
519053
234241
672564
642212
558843
745306
922950
934233
121657
887945
886483
126415
299136
612913
219172
486273
639215
647914
227672
719766
724972
762966
440086
590330
158838
767232
654947
204726
612786
320878
676445
164077
249036
828634
671362
724294
934051
985132
988495
249413
998953
660965
742149
251072
467398
940820
837783
158765
257978
519707
655619
239916
656165
637817
465777
562489
639095
571506
563055
718614
377227
396442
466154
477860
102505
667900
259275
527878
621871
135967
350369
637222
108867
637758
242516
717950
139596
566393
705222
267187
367307
152659
717550
371706
634936
667909
918298
873562
902668
798826
788070
781293
891029
200281
271124
323898
355913
339891
496039
862448
340568
338306
850600
689196
330273
457983
660051
523060
478476
498580
304151
747925
784173
588475
488496
656929
789949
423757
130018
237032
550351
479442
470009
559045
233042
486268
184808
130687
159773
119869
795326
130675
196212
557182
445005
331467
104247
116353
163489
193744
986710
933089
748677
387620
764073
579587
372389
161266
160200
283556
874774
866954
567674
472166
232339
170244
304050
293519
225739
781880
936958
613354
723308
428221
875891
592198
790676
224358
944473
622261
470949
563485
824829
872615
133237
144522
436954
709214
519944
739328
569518
623631
218871
287001
117331
564158
247753
998258
954264
973281
575643
405859
330787
843274
456843
154313
207691
609092
492507
855285
382514
678167
107843
548894
182482
815673
239708
515612
297731
343382
950462
326807
474892
316614
143624
401359
362602
930760
584623
816493
423820
994559
310159
548638
233913
533877
958118
127622
292498
412108
421908
231282
731857
802363
252869
838986
335935
626053
174349
554732
918851
469642
471906
637458
436109
955925
574214
590538
192239
598967
725378
211706
875675
783373
660915
472902
172122
844249
131695
461655
657440
205146
669637
891541
586746
534861
609756
787353
640837
486302
733751
672337
272771
375344
699374
257594
506474
944329
918236
552577
423459
646564
348055
271479
158804
859085
823591
639844
372281
341688
817842
329104
421034
176187
359995
897227
694273
703488
408269
473759
205968
875570
520337
844761
323395
167817
950290
551784
499808
538668
518499
606274
767352
746428
567521
683228
569251
203389
201235
269359
634788
380230
934093
770544
932290
872505
538119
962613
181843
103671
685268
253987
478346
570808
719756
169268
107419
539829
954527
483964
849616
548265
939242
469006
879285
619326
423897
655651
848135
441888
604347
821733
740858
521870
677347
258401
873206
260881
859933
221691
958604
324724
171667
580949
779534
339935
185902
435089
129930
334540
822302
672526
168955
232550
497264
637547
999052
459585
165246
714004
966976
706506
617324
516850
403772
871136
717443
906117
503248
277305
719144
477962
640291
306744
169156
745529
873771
511470
854936
354352
412006
230261
121493
784881
826564
444265
372172
900836
475582
236858
427758
507087
636361
299641
226088
872628
283128
750740
725686
955928
863891
565174
766256
113678
981320
501513
185101
693197
251081
855010
625332
483005
423837
301140
520647
990711
510203
841576
544744
641176
764816
808868
264438
856979
389118
897511
519852
682105
485826
275173
282980
356767
314099
177878
506150
391216
698940
894092
720035
672513
844363
941387
157346
230699
232897
318411
277849
696748
540511
386778
364221
795734
293847
835787
842142
398199
572303
568827
963434
581816
109650
770116
748383
670908
227598
931189
192929
484844
387041
383769
550331
728286
656180
121702
398726
868964
558086
645226
917895
570739
291698
595067
498591
948125
270356
641091
557819
594809
145601
996242
712404
397876
572026
299433
141893
996107
938188
422437
631521
629420
410464
232663
826167
731936
909361
513657
179376
309809
809599
677861
113560
701868
435537
344619
146755
447288
500186
493648
164205
925517
890341
718172
802373
942878
215507
608712
134520
962655
427936
809432
997567
382785
600170
809813
283173
809411
486510
798375
525381
832601
310884
191320
998863
151615
507373
566791
504499
224863
966123
387158
617708
116985
815345
387171
481078
703154
497958
752211
640945
528571
153774
861425
144852
607062
788362
828233
980988
628133
569632
934019
451813
563191
743395
296106
367732
545757
661416
722077
258368
483934
371130
983206
809731
253709
817589
739604
664732
870024
352383
609380
999125
667286
488638
853549
131887
176140
730355
484478
627016
451908
583626
149477
577611
971511
771123
306491
186523
492360
794272
994473
921775
827065
450254
102128
289950
648476
468779
167456
783028
755674
419525
238984
672242
344262
561906
670066
288629
683323
592573
109290
746643
980313
382790
480434
457173
671000
325495
936251
293737
202491
677333
733005
893270
191975
459814
832526
236641
847861
378900
666831
241166
630288
329127
651715
460223
904562
853865
892313
935577
533888
315498
954641
726721
722705
736672
254721
164513
629138
672028
115426
744355
969801
106097
675660
981441
354050
670030
811935
512278
565654
379641
576285
899060
329085
766077
578899
987896
946358
772684
497017
269271
307296
281934
605485
907051
857018
689631
874322
237175
547147
311334
125924
939881
575769
636368
886815
411679
583781
210534
333274
983690
908383
246499
884150
787903
544120
466921
491761
298976
418513
948600
722355
192545
315955
678510
778926
634075
558246
906042
732046
605827
168468
278637
623642
850569
928023
504526
550053
335720
573772
553655
495594
725427
244145
636987
953457
568941
871713
469238
672466
268951
878104
483433
176269
165857
129487
115240
427004
102340
684602
918381
499663
228669
869976
688348
796422
861387
852027
258335
624090
513375
954556
558297
370789
142233
150607
427175
392062
310962
919205
355296
564336
431415
744619
549099
162306
439295
838941
791469
742557
398413
228611
803835
879490
200304
468136
583352
320822
336706
974879
675771
666227
638428
623975
553103
820298
476422
257271
248164
956317
870836
993255
941428
238431
310054
659678
141401
427501
963557
648100
673640
910200
425172
207280
377670
129963
514759
458222
265302
281026
896669
470908
290204
819848
125948
152014
163751
539884
527370
151651
683728
652214
419815
989029
409293
771295
966141
997134
678442
814537
304059
476118
974371
218823
747244
919673
109009
854192
936119
614027
104225
981226
575951
851427
641869
747549
752842
820169
857141
881645
639130
370694
104831
946732
695102
198930
517363
525288
133915
641701
728481
334116
674236
414109
310727
519145
932576
360551
106324
901288
987101
756509
910666
158621
975147
497389
523967
122133
259654
816787
504449
110674
132546
868404
196655
640923
660740
993483
105227
340227
942580
993535
596929
981791
890390
237898
762762
168545
534191
160279
766837
806345
535570
408180
274186
252624
112608
934020
545624
273239
343226
384878
616137
623662
972265
831288
354207
411061
700718
153351
122358
173602
573121
401917
630260
436983
240515
549555
421369
111736
392443
